@@initial setting

78 fc 01
78 fd 00
78 fd 00
78 24 01
78 25 04
78 29 01
78 2a 1b
78 1e 17
78 33 07
78 35 07
78 4a 0c
78 3a 05
78 3b 02
78 3e 00
78 46 01
78 6d 03
78 fd 01
78 0e 02
78 0f 1a
78 12 03
78 18 00
78 22 ff
78 23 02
78 17 2d
78 19 20
78 1b 07
78 1c 04
78 20 03
78 30 01
78 33 01
78 31 0a
78 32 09
78 38 01
78 39 01
78 3a 01
78 3b 01
78 4f 04
78 4e 05
78 50 01
78 35 0c
78 45 2a
78 46 2a
78 47 2a
78 48 2a
78 4a 2c
78 4b 2c
78 4c 2c
78 4d 2c
78 56 30
78 57 07
78 58 27
78 59 20
78 5a 07
78 5b f4
78 37 0a
78 42 0e
78 68 90
78 69 cd
78 6a 8f
78 7c 0a
78 7d 09
78 7e 09
78 7f 08
78 83 14
78 84 14
78 86 14
78 87 07
78 88 0f
78 94 02
78 98 d1
78 fe 02
78 fd 03
78 97 6c
78 98 60
78 99 60
78 9a 6c
78 a1 40
78 af 04
78 b1 40
78 ae 0d
78 88 5b
78 89 7c
78 b4 05
78 8c 40
78 8e 40
78 90 40
78 92 40
78 9b 46
78 ac 40
78 fd 00
78 5a 15
78 74 01
 
78 fd 00
78 50 40
78 52 b0
78 fd 01
78 03 70
78 05 10
78 07 20
78 09 b0

78 fd 03
78 c2 01
78 fb 01
78 fd 01
78 14 00
78 15 be
78 fe 02
 

@@1600x1200
;hts=0x1a9=425
;vts=0x584=1410  
;MIPI data rate=720M
;Outputpixelclock=72000000
100 99 1600 1200    
78 fd 00
78 4f 06
78 50 40
78 51 04
78 52 b0
78 fd 01
78 02 00
78 03 70
78 04 00
78 05 10
78 06 03
78 07 20
78 08 04
78 09 b0
78 14 00
78 15 be
78 fe 02

@@1600x900
100 99 1600 900    
;hts=0x1a9=425
;vts=0x584=1410  
;MIPI data rate=720M
;Outputpixelclock=72000000
78 fd 00
78 4f 06
78 50 40
78 51 03
78 52 84
78 fd 01
78 02 00
78 03 70
78 04 00
78 05 A6
78 06 03
78 07 20
78 08 03
78 09 84
78 14 01
78 15 ea
78 fe 02

@@set dummy
78 fd 01
78 14 (((frame_length-0x1221) & 0x7F00) >> 8);
78 15 ((frame_length-1221) & 0xFF);
78 fe 02

@@stream on
78 fd 01
78 10 01
78 fd 03
78 c2 01
78 fd 01
78 10 00


@@stream off
78 fd 03
78 c2 00