@@ Res0_3264x2448_30.00fps
100 99 3264 2448
;hts = 460
;vts = 2608
;fps = 30.00
;outputPixelClock = 288000000
 
20 fd 00
20 20 0e
sl 3
20 20 0b
20 fd 00
20 11 2a
20 14 43
20 1e 23
20 16 82
20 21 00
20 fd 01
20 12 00
20 15 60
20 02 00
20 03 12
20 04 50
20 05 00
20 06 d0
20 07 05
20 21 02
20 24 30
20 32 03
20 01 01
20 33 03
20 01 03
20 19 10
20 42 55
20 43 00
20 47 07
20 48 08
20 4c 38
20 b2 7e
20 b3 7b
20 bd 08
20 d2 47
20 d3 10
20 d4 0d
20 d5 08
20 d6 07
20 b1 00
20 b4 00
20 b7 0a
20 bc 44
20 bf 42
20 c1 10
20 c3 24
20 c8 03
20 c9 f8
20 e1 33
20 e2 bb
20 51 0c
20 52 0a
20 57 8c
20 59 09
20 5a 08
20 5e 10
20 60 02
20 6d 5c
20 76 16
20 7c 11
20 90 28
20 91 16
20 92 1c
20 93 24
20 95 48
20 9c 06
20 ca 0c
20 ce 0d
20 fd 01
20 c0 00
20 dd 18
20 de 19
20 df 32
20 e0 70
20 fd 01
20 c2 05
20 d7 88
20 d8 77
20 d9 66
20 fd 07
20 00 f8
20 01 2b
20 05 40
20 08 06
20 09 11
20 28 6f
20 2a 20
20 2b 05
20 5e 10
20 52 00
20 53 80
20 54 00
20 55 80
20 56 00
20 57 80
20 58 00
20 59 80
20 5c 3f
20 fd 02
20 9a 30
20 a8 02
20 fd 02
20 a0 00
20 a1 08
20 a2 09
20 a3 90
20 a4 00
20 a5 08
20 a6 0c
20 a7 c0
20 fd 05
20 04 40
20 07 00
20 0D 01
20 0F 01
20 10 0c
20 11 cf
20 12 00
20 13 00
20 14 09
20 15 9f
20 18 00
20 19 00
20 fd 00
20 24 01
20 c0 16
20 c1 08
20 c2 30
20 8e 0c
20 8f c0
20 90 09
20 91 90
20 b7 02
20 fd 01

 
@@ Res1_3264x1836_30.00fps
100 99 3264 1836
;hts = 460
;vts = 2608
;fps = 30.00
;outputPixelClock = 288000000
 
20 fd 00
20 20 0e
sl 3
20 20 0b
20 fd 00
20 11 2a
20 14 43
20 1e 23
20 16 82
20 21 00
20 fd 01
20 12 00
20 15 60
20 02 00
20 03 12
20 04 50
20 05 00
20 06 d0
20 07 05
20 21 02
20 24 30
20 32 03
20 01 01
20 33 03
20 01 03
20 19 10
20 42 55
20 43 00
20 47 07
20 48 08
20 4c 38
20 b2 7e
20 b3 7b
20 bd 08
20 d2 47
20 d3 10
20 d4 0d
20 d5 08
20 d6 07
20 b1 00
20 b4 00
20 b7 0a
20 bc 44
20 bf 42
20 c1 10
20 c3 24
20 c8 03
20 c9 f8
20 e1 33
20 e2 bb
20 51 0c
20 52 0a
20 57 8c
20 59 09
20 5a 08
20 5e 10
20 60 02
20 6d 5c
20 76 16
20 7c 11
20 90 28
20 91 16
20 92 1c
20 93 24
20 95 48
20 9c 06
20 ca 0c
20 ce 0d
20 fd 01
20 c0 00
20 dd 18
20 de 19
20 df 32
20 e0 70
20 fd 01
20 c2 05
20 d7 88
20 d8 77
20 d9 66
20 fd 07
20 00 f8
20 01 2b
20 05 40
20 08 06
20 09 11
20 28 6f
20 2a 20
20 2b 05
20 5e 10
20 52 00
20 53 80
20 54 00
20 55 80
20 56 00
20 57 80
20 58 00
20 59 80
20 5c 3f
20 fd 02
20 9a 30
20 a8 02
20 fd 02
20 a0 01
20 a1 3a
20 a2 07
20 a3 2c
20 a4 00
20 a5 08
20 a6 0c
20 a7 c0
20 fd 05
20 04 40
20 07 00
20 0D 01
20 0F 01
20 10 0c
20 11 cf
20 12 00
20 13 00
20 14 09
20 15 9f
20 18 00
20 19 00
20 fd 00
20 24 01
20 c0 16
20 c1 08
20 c2 30
20 8e 0c
20 8f c0
20 90 07
20 91 2c
20 b7 02
20 fd 01
