  @@OV02F10_1600X900_mipi1lane_raw10_66M_30fps_normal_v1.2

78 fc 01
sl 5 5; delay 5ms
78 fd 00
78 24 02
78 25 13
78 26 01
78 29 03
78 2a 34
78 27 00
78 28 00
78 4f 06
78 50 40
78 51 04
78 52 b0
78 5b 08
78 74 01

78 33 00
78 35 03
78 4a 0a
78 46 02
78 3a 05
78 3b 02
78 3c 01
78 3e 01

78 fd 01
78 30 01
78 31 0c
78 32 04
78 33 02
78 34 05
78 35 60
78 36 01
78 37 07
78 38 01
78 39 01
78 3a 01
78 3b 01
78 3c 01
78 3d 01
78 3e 01
78 3f 00
78 40 01
78 41 01
78 42 0e
78 43 1a
78 44 01
78 45 73
78 46 73
78 47 73
78 48 73
78 49 01
78 4a 75
78 4b 75
78 4c 75
78 4d 75
78 4e 05
78 4f 04
78 50 01
78 51 01
78 52 0a
78 53 01
78 54 10
78 55 04

78 19 25
78 1b 0b
78 1c 09
78 56 86
78 57 0c
78 58 28
78 59 17
78 5a 0c
78 5b 8c
78 5c 02
78 5d 0a
78 5e 01
78 5f 04
78 60 01
78 61 04
78 62 04
78 63 03
78 64 01
78 65 00
78 66 2a
78 16 00
78 17 42
78 6e 01
78 98 00
78 0d 44
78 6f 22

78 68 90
78 69 cd
78 6a 0f
78 6b 00
78 7c 05
78 7d 05
78 7e 05
78 7f 05
78 83 14
78 84 14
78 85 14
78 86 14
78 89 18
78 8a 18
78 8b 1b
78 8c 1c
78 8d 1e
78 88 0f
78 94 02
78 98 d1

78 fd 01
78 12 01
78 14 00
78 15 38
78 02 00
78 03 70
78 04 00
78 05 10
78 06 03
78 07 20
78 08 04
78 09 b0

78 fd 01
78 18 00
78 0e 00
78 0f 05
78 21 00
78 22 f8
78 20 03
78 23 04

78 fd 00
78 4f 06
78 50 40
78 51 03
78 52 84
78 fd 01
78 03 70
78 05 a6
78 06 03
78 07 20
78 08 03
78 09 84
78 14 01
78 15 66

78 fd 03
78 ae 0d
78 88 7b
78 89 7c
78 b4 05
78 81 00
78 8c 40
78 8e 40
78 90 40
78 92 40
78 97 60
78 98 60
78 99 60
78 9a 60
78 bd 02
78 9b 40
78 ac 40
78 af 08
78 b0 00
78 c2 01


78 fe 02
78 fb 01